38718942
38704078
38692341
38677360
38663787
38663785
38574791
39357933
39357932
39357931
39207356
39207355
39207354
39207353
39207352
39207351
39207350
39207349
39207348
39127456
38960552
38960551
38842967
38842965
38842964
38752908
38752907
38752905
38729216
38639683
38604590
38597856
38521382
38493995
38493993
38492871
38490604
38490602
38490598
38479465
38296458
38296457
38296456
38296455
38194238
38036234
38000654
37993036
37993035
37972674
37972673
37967758
37956776
37956774
37952865
37951517
37924963
37918507
37879547
37806647
37805017
37805016
37776935
37769793
37757960
37742991
37741525
37717612
38040483
38040482
38040481
38040480
37774775
37769792
37757961
37742992
37741526
37739200
37717611
37709107
37468026
37451497
37451496
37442408
37442407
37414109
37406873
37406872
37406870
37385464
37355026
37352948
37329938
37295741
37211147
37648362
37414108
37406871
37379939
37352947
37336338
37329937
37329936
37328130
37321384
37307884
37283271
37247687
37247686
37247684
37230407
37211146
37211145
37210018
37187298
37169160
37169159
37169158
37169157
37150313
37127146
36965653
37517863
37517862
37271354
37271353
37247685
37247683
37225114
37225113
37217065
37172670
37164047
37149206
37149205
37121422
37119995
37119994
37116633
37085025
37075958
37075957
36806574
36804918
37393098
37393096
37211148
37156474
37116632
37094745
37088232
37085026
37080506
37080505
37080504
37080503
37075960
37075959
37044291
37019166
37001747
36966948
36965652
36963742
36963741
36934983
36906165
36898471
36870381
36739956
36509320
37245898
37245897
37210017
36958413
36948434
36934982
36933853
36933852
36907232
36906164
36898470
36893953
36889623
36870380
36868545
36868544
36868543
36863637
36863636
36863635
36858160
36842610
36813092
36764351
36717011
37120290
37120289
37120287
37002010
36990926
36990925
36858161
36822482
36806575
36804540
36796531
36773794
36764350
36764349
36736938
36731785
36731784
36720442
36720441
36717009
36717008
36708909
36708907
36693615
36693614
36690197
36646236
36646235
36640853
36634903
36997272
36717010
36708908
36702391
36693613
36669609
36640855
36640854
36634902
36634901
36632891
36621589
36610526
36610525
36586707
36586706
36581173
36581172
36581171
36574867
36566891
36566890
36566889
36566888
36565783
36563830
36549630
36526165
36509321
36442824
36049588
36842792
36842791
36842790
36756940
36572151
36563829
36549632
36549631
36549629
36526164
36521734
36509319
36509318
36503179
36503178
36503177
36496135
36496134
36494026
36464127
36464126
36464125
36460277
36436814
36436813
36436812
36435351
36435350
36410677
36372314
36368515
37283031
37278724
37278723
37278721
36725137
36575808
36442825
36435349
36424683
36404517
36403904
36356725
36356656
36347456
36343889
36336302
36336301
36309157
36309156
36272710
36270579
36270578
36265692
36257480
36244568
36240993
36228870
36162769
36150642
36116765
36096332
37264874
36603938
36603937
36603936
36603935
36603934
36370982
36244567
36184061
36152976
36152975
36122695
36115541
36113769
36113768
36084840
36075534
36075533
36075532
36070835
36064038
36007729
36007726
35988908
35988906
35948202
35931414
