42189456
42189455
42176136
42168507
42166088
42166087
42154362
42149320
42133278
42118507
42118506
42118505
42113327
42105195
42101804
42101803
42095983
42089937
42089936
42068500
42068499
42060067
42053748
42053747
42033512
42033511
42033510
42029876
42020833
42018059
42018058
42012742
42012741
42008055
41999465
41999464
41996015
41991894
41989728
41984282
41979859
41979858
41973285
41973284
41973283
41973282
41973281
41973280
41945290
41941026
41926018
41920426
41557090
41504824
41493516
41361158
41351763
41284114
41258275
41258273
41258272
41258271
41239024
41231344
41231343
41231341
41186897
41144125
41129022
41118045
41091364
41071514
40928625
40779093
40736879
40468100
41915366
41915365
41915364
41910894
41910893
41910892
41910891
41910890
41910889
41910888
41903033
41903032
41886189
41886188
41886187
41880089
41872573
41872572
41870747
41870746
41863748
41854990
41854989
41851355
41848976
41848975
41848974
41843238
41843237
41843236
41843235
41824249
41824248
41817908
41817907
41811614
41806226
41801608
41801607
41793612
41790397
41784922
41521379
41483053
41452497
41430017
41269506
41240203
41134438
41129023
41108480
41099985
41037191
41026441
41021212
41014389
40991183
40944858
40788426
40423891
40257635
39976887
39673645
39630355
39604766
41762383
41758458
41739330
41729358
41729357
41729356
41718957
41718956
41718955
41712170
41712169
41712168
41712167
41712166
41712165
41712164
41701461
41701460
41697582
41678074
41678073
41670875
41665710
41636951
41627708
41609948
41604070
41586997
41579252
41579251
41579250
41575721
41575720
41575719
41575718
41575717
41543781
41543780
41543779
41538114
41538113
41538112
41533323
41533322
41504825
41498862
41498861
41491358
41489711
41483052
41385171
41288919
41269504
41196540
41188505
41099983
41091363
41082133
41066057
41051440
41051439
41042293
40993308
40986140
40974470
40859067
40848209
40810874
40711705
40551085
40461897
40320477
38907074
41457203
41452496
41432857
41428032
41420723
41410862
41410861
41405664
41405663
41388213
41385172
41364302
41359235
41359234
41359233
41359232
41351762
41342992
41329460
41231342
41182671
41148558
41042294
40924256
40884735
40859066
40848210
40794127
40748508
40694241
40681756
40542289
40540199
40522520
40515957
40457110
40366529
40304954
40106155
39167339
38980447
38758467
38308738
37009940
37009939
35178655
41307858
41288918
41269505
41269503
41264186
41258274
41222769
41191315
40788427
40767905
40748510
40696246
40506608
40478367
40465153
40455377
40448792
40442570
40425970
40402412
40380037
40369260
40366528
40358874
40327245
40281348
40257633
40237974
40234322
40205298
40195230
40000540
39982636
39948279
41144124
41129021
41123832
41099984
41085945
41085944
41066058
41055857
40263202
40199805
40195231
40180760
40148702
40095338
40056366
39971843
39934531
39928276
39863724
39820953
39804515
39638982
39633138
39633137
39623098
39614017
39602040
39141267
38157151
38129338
36652082
35831772
35551558
40920302
40913696
40913695
40890393
40767906
40533697
40459684
40445503
40434578
40397327
40338435
40314715
40257636
40178725
40156648
40053246
40038209
40019686
39969790
39946035
39899141
39893296
39828786
39820952
39812960
39797967
39786700
39443407
39365541
39153134
37853261
40841460
40817152
40810875
40788425
40762927
40748509
40419745
40402413
40388037
40383850
40377816
40257634
40019685
39982637
39969789
39966269
39953307
39907944
39903343
39899142
39891815
39890735
39853484
39841355
39820795
39792213
39760926
39702551
39436461
39436459
39414705
36662384
36596954
36525169
35927601
40711704
40694240
40653535
40638019
40616601
40555971
40555970
40198449
40090956
40075021
40032773
39939509
39930305
39918695
39899143
39899140
39875721
39702550
39546144
39511128
39436462
39375296
39325317
39316346
39264394
39264393
39256235
39179911
38383674
38227124
37938506
37878161
35690683
40425971
40075022
39832123
39827434
39775234
39752041
39738811
39714530
39708245
39708244
39661210
39630356
39612095
39592538
39585535
39541005
39470926
39448460
39210240
39145792
39105957
38036766
37261554
37204670
35835888
35438392
40164761
40117099
39966270
39948280
39875720
39806225
39671156
39589653
39384700
39327368
39214951
39162917
39138792
39126564
39090328
39090327
39088102
39066979
39046609
39017965
39007967
38641763
38499825
38285282
38261103
38163836
38040851
37955758
37773556
37561246
37354369
37273033
37074510
37052860
36892802
36867371
36705871
36562915
36357697
36282370
35752732
35593930
35486301
35349000
39984779
39930304
39873876
39671157
39572505
39527241
39259458
39254760
39243306
39235575
39210241
39190212
39190211
39168942
39160410
39153133
39150657
39120637
39110271
39110270
39095673
39078545
39073704
39066980
38907073
37670065
35460502
39666236
39630357
39623097
39436460
39230634
39023723
39009785
39001909
38997610
38995606
38995605
38995604
38995603
38980446
38972960
38969963
38954237
38914900
38896191
38880852
38858299
38833098
38814525
38755520
38700611
39576483
39153135
39110272
39093487
39007968
38985244
38980445
38977620
38958851
38914901
38913134
38913133
38896192
38862734
38848006
38831168
38811501
38811500
38780886
38769195
38761295
38739248
38642206
38573538
38400941
39400645
39365542
39180630
39093489
39017964
38976116
38963452
38954236
38848008
38822955
38761294
38743142
38743141
38739249
38703331
38700612
38649588
38642207
38634991
38632136
38632135
38630335
38602601
38589635
38587576
38509402
38480673
38478165
38459202
38443707
38345706
38291274
38265525
37773559
39009786
38861232
38848007
38668934
38602602
38575796
38460090
38460089
38416348
38413483
38376813
38363431
38308737
38286881
38261105
38261104
38261100
38246906
38238550
38236460
38225533
38206451
38191697
38182965
38105353
38082096
37946002
39183230
39164510
39155351
39150656
39093488
38684636
38609733
38573537
38561572
38427180
38411857
38376814
38374300
38321306
38273159
38261098
38206450
38194120
38182967
38103111
38078993
38055162
38051431
38030935
37985539
37985538
37966657
37955757
37882994
37861964
37858001
37855993
37848806
38652213
38649589
38557947
38492069
38411856
38363430
38319499
38308736
38289561
38265523
38261099
38182966
38158513
38148469
38114717
38109025
38102499
38092999
38087147
37994946
37991666
37938505
37930505
37897538
37897537
37882993
37843676
37840120
37783852
37775727
37715077
37642801
37556090
38814524
38789650
38775921
38758466
38557946
38265524
38109024
38099975
38087146
38078992
38040854
38040853
38019421
37991667
37966658
37930503
37917248
37875609
37858000
37855992
37776357
37700118
37697222
37691083
37691082
37688692
37612562
37592198
37584862
37574493
37540340
37530968
37523023
37505337
37414922
37394659
37097585
38499824
38532038
38427181
38055161
38040852
38038816
37971622
37966659
37922054
37906314
37897536
37789155
37776356
37776355
37773558
37731143
37728840
37726570
37721657
37715834
37713018
37670064
37639157
37599321
37548823
37466821
37392273
37354370
37344624
37227537
37126104
37103590
36973597
38345705
38261102
38261101
38087145
37991668
37950145
37930504
37715076
37702774
37691081
37584863
37578671
37490133
37395978
37382824
37368187
37365481
37335527
37330428
37316764
37311982
37311981
37273034
37261553
37256462
37249807
37247098
37227538
37227535
37178189
36952090
36805921
35037145
37864653
37773557
37354368
37347384
37338612
37303028
37247097
37237133
37204671
37178190
37145294
37129791
37106267
37076739
37067765
37059926
37043093
37043092
37036553
37016070
37014482
37014480
37000285
36964415
36930350
36929367
36877415
36856972
37682421
37640979
37599320
37563506
37434041
37354367
37351699
37249808
36929368
36920585
36897460
36811816
36807734
36802002
36795268
36763211
36754907
36753029
36753028
36745324
36738387
36645578
36629961
36495413
36481833
36114382
37594646
37587325
37540341
37490134
37421563
37358719
37237134
37227536
37195355
37140838
36892801
36881206
36869990
36795271
36790576
36765021
36754908
36746847
36738388
36737506
36735111
36735109
36705872
36692686
36692685
36670327
36648614
36607529
36604354
36602693
36575227
36441425
36441424
35237918
37227539
37099218
37074511
37014481
36977953
36964886
36943651
36795270
36795269
36705870
36690888
36653548
36652081
36572800
36534325
36527590
36525168
36510108
36496543
36495414
36481832
36462064
36462063
36456653
36445605
36422768
36418664
36369500
36198845
36057055
35879516
35751717
36943652
36802003
36787092
36787091
36735110
36725820
36705873
36577903
36525171
36525170
36510109
36508065
36495412
36469237
36459310
36417124
36417123
36417122
36414810
36411365
36399202
36394700
36370300
36264386
36242678
36242677
36224481
36155878
36114935
35907107
35835889
35796934
35352219
34839431
37434040
36802001
36792862
36652083
36645577
36472751
36472750
36355272
36348130
36336724
36327060
36327059
36282369
36282368
36251129
36214806
36210397
36152134
36114936
36006528
35970951
35969338
35895220
35856121
35804257
35553306
35501623
35499775
35451737
35397040
35362830
35334060
35107720
33723694
37188871
36805922
36534324
36462065
36459309
36441427
36441426
36331681
36308578
36251130
36241936
36214805
36207558
36201135
36181632
36178554
36152135
36149579
36121541
36104612
36098833
36089635
36085243
36056222
36038739
35902509
35809160
35804258
35788940
35469052
35411440
35396613
35192098
35146599
34665385
34013426
36542314
36414811
36322372
36271975
36269470
36169789
36125649
36085242
36074285
36070030
36066787
36063282
36048353
36044101
36008502
35997848
35980512
35974118
35962151
35951215
35951214
35948727
35947317
35915196
35788934
35781774
35731329
35697890
35581464
35419670
35318577
35314904
35266067
35262858
35118574
34546517
33774799
33723691
36598717
36598715
36652084
36645576
36598716
36445606
36227461
36053374
36040658
36018425
35963909
35960405
35947319
35913581
35895221
35779156
35759160
35657536
35604576
35581463
35403928
35368216
35353320
35262859
35258753
35195814
35072829
34988846
34787768
34436722
34363567
34319492
